
# Surface 0 of 1 surfaces

# Contour 0, label:      532
 512  527.437  532.5 
 512  527.437  532.5 
 512  527.437  532.5 
 512  527.437  532.5 
 512  527.437  532.5 
 512  527.437  532.5 
 512  527.437  532.5 
 512  527.437  532.5 
 512  527.437  532.5 
 512  527.437  532.5 


# Contour 1, label:      532
 512  527.287  532 
 512  527.287  532 
 512  527.287  532 
 512  527.287  532 
 512  527.287  532 
 512  527.287  532 
 512  527.287  532 
 512  527.287  532 
 512  527.287  532 
 512  527.287  532 


# Contour 2, label:      532
 512  527.136  531.5 
 512  527.136  531.5 
 512  527.136  531.5 
 512  527.136  531.5 
 512  527.136  531.5 
 512  527.136  531.5 
 512  527.136  531.5 
 512  527.136  531.5 
 512  527.136  531.5 
 512  527.136  531.5 


# Contour 3, label:      531
 512  526.986  531 
 512  526.986  531 
 512  526.986  531 
 512  526.986  531 
 512  526.986  531 
 512  526.986  531 
 512  526.986  531 
 512  526.986  531 
 512  526.986  531 
 512  526.986  531 


# Contour 4, label:      530
 512  526.835  530.5 
 512  526.835  530.5 
 512  526.835  530.5 
 512  526.835  530.5 
 512  526.835  530.5 
 512  526.835  530.5 
 512  526.835  530.5 
 512  526.835  530.5 
 512  526.835  530.5 
 512  526.835  530.5 


# Contour 5, label:      530
 512  526.685  530 
 512  526.685  530 
 512  526.685  530 
 512  526.685  530 
 512  526.685  530 
 512  526.685  530 
 512  526.685  530 
 512  526.685  530 
 512  526.685  530 
 512  526.685  530 


# Contour 6, label:      530
 512  526.534  529.5 
 512  526.534  529.5 
 512  526.534  529.5 
 512  526.534  529.5 
 512  526.534  529.5 
 512  526.534  529.5 
 512  526.534  529.5 
 512  526.534  529.5 
 512  526.534  529.5 
 512  526.534  529.5 


# Contour 7, label:      529
 512  526.384  529 
 512  526.384  529 
 512  526.384  529 
 512  526.384  529 
 512  526.384  529 
 512  526.384  529 
 512  526.384  529 
 512  526.384  529 
 512  526.384  529 
 512  526.384  529 


# Contour 8, label:      528
 512  526.233  528.5 
 512  526.233  528.5 
 512  526.233  528.5 
 512  526.233  528.5 
 512  526.233  528.5 
 512  526.233  528.5 
 512  526.233  528.5 
 512  526.233  528.5 
 512  526.233  528.5 
 512  526.233  528.5 


# Contour 9, label:      528
 512  526.083  528 
 512  526.083  528 
 512  526.083  528 
 512  526.083  528 
 512  526.083  528 
 512  526.083  528 
 512  526.083  528 
 512  526.083  528 
 512  526.083  528 
 512  526.083  528 


# Contour 10, label:      528
 512  525.932  527.5 
 512  525.932  527.5 
 512  525.932  527.5 
 512  525.932  527.5 
 512  525.932  527.5 
 512  525.932  527.5 
 512  525.932  527.5 
 512  525.932  527.5 
 512  525.932  527.5 
 512  525.932  527.5 

 512  524.016  527.5 
 512  524.016  527.5 
 512  524.016  527.5 
 512  524.016  527.5 
 512  524.016  527.5 
 512  524.016  527.5 
 512  524.016  527.5 
 512  524.016  527.5 
 512  524.016  527.5 
 512  524.016  527.5 

 512  523.845  527.5 
 512  523.845  527.5 
 512  523.845  527.5 
 512  523.845  527.5 
 512  523.845  527.5 
 512  523.845  527.5 
 512  523.845  527.5 
 512  523.845  527.5 
 512  523.845  527.5 
 512  523.845  527.5 


# Contour 11, label:      527
 512  525.782  527 
 512  525.782  527 
 512  525.782  527 
 512  525.782  527 
 512  525.782  527 
 512  525.782  527 
 512  525.782  527 
 512  525.782  527 
 512  525.782  527 
 512  525.782  527 

 512  525.162  527 
 512  525.162  527 
 512  525.162  527 
 512  525.162  527 
 512  525.162  527 
 512  525.162  527 
 512  525.162  527 
 512  525.162  527 
 512  525.162  527 
 512  525.162  527 

 512  523.005  527 
 512  523.005  527 
 512  523.005  527 
 512  523.005  527 
 512  523.005  527 
 512  523.005  527 
 512  523.005  527 
 512  523.005  527 
 512  523.005  527 
 512  523.005  527 


# Contour 12, label:      526
 512  522.164  526.5 
 512  522.164  526.5 
 512  522.164  526.5 
 512  522.164  526.5 
 512  522.164  526.5 
 512  522.164  526.5 
 512  522.164  526.5 
 512  522.164  526.5 
 512  522.164  526.5 
 512  522.164  526.5 


# Contour 13, label:      526
 512  521.819  526 
 512  521.819  526 
 512  521.819  526 
 512  521.819  526 
 512  521.819  526 
 512  521.819  526 
 512  521.819  526 
 512  521.819  526 
 512  521.819  526 
 512  521.819  526 


# Contour 14, label:      526
 512  521.497  525.5 
 512  521.497  525.5 
 512  521.497  525.5 
 512  521.497  525.5 
 512  521.497  525.5 
 512  521.497  525.5 
 512  521.497  525.5 
 512  521.497  525.5 
 512  521.497  525.5 
 512  521.497  525.5 


# Contour 15, label:      525
 512  521.176  525 
 512  521.176  525 
 512  521.176  525 
 512  521.176  525 
 512  521.176  525 
 512  521.176  525 
 512  521.176  525 
 512  521.176  525 
 512  521.176  525 
 512  521.176  525 


# Contour 16, label:      524
 512  520.854  524.5 
 512  520.854  524.5 
 512  520.854  524.5 
 512  520.854  524.5 
 512  520.854  524.5 
 512  520.854  524.5 
 512  520.854  524.5 
 512  520.854  524.5 
 512  520.854  524.5 
 512  520.854  524.5 


# Contour 17, label:      524
 512  520.533  524 
 512  520.533  524 
 512  520.533  524 
 512  520.533  524 
 512  520.533  524 
 512  520.533  524 
 512  520.533  524 
 512  520.533  524 
 512  520.533  524 
 512  520.533  524 


# Contour 18, label:      524
 512  520.124  523.5 
 512  520.124  523.5 
 512  520.124  523.5 
 512  520.124  523.5 
 512  520.124  523.5 
 512  520.124  523.5 
 512  520.124  523.5 
 512  520.124  523.5 
 512  520.124  523.5 
 512  520.124  523.5 


# Contour 19, label:      523
 512  519.571  523 
 512  519.571  523 
 512  519.571  523 
 512  519.571  523 
 512  519.571  523 
 512  519.571  523 
 512  519.571  523 
 512  519.571  523 
 512  519.571  523 
 512  519.571  523 


# Contour 20, label:      522
 512  519.018  522.5 
 512  519.018  522.5 
 512  519.018  522.5 
 512  519.018  522.5 
 512  519.018  522.5 
 512  519.018  522.5 
 512  519.018  522.5 
 512  519.018  522.5 
 512  519.018  522.5 
 512  519.018  522.5 


# Contour 21, label:      522
 512  518.499  522 
 512  518.499  522 
 512  518.499  522 
 512  518.499  522 
 512  518.499  522 
 512  518.499  522 
 512  518.499  522 
 512  518.499  522 
 512  518.499  522 
 512  518.499  522 


# Contour 22, label:      522
 512  518.194  521.5 
 512  518.194  521.5 
 512  518.194  521.5 
 512  518.194  521.5 
 512  518.194  521.5 
 512  518.194  521.5 
 512  518.194  521.5 
 512  518.194  521.5 
 512  518.194  521.5 
 512  518.194  521.5 


# Contour 23, label:      521
 512  517.888  521 
 512  517.888  521 
 512  517.888  521 
 512  517.888  521 
 512  517.888  521 
 512  517.888  521 
 512  517.888  521 
 512  517.888  521 
 512  517.888  521 
 512  517.888  521 


# Contour 24, label:      520
 512  517.583  520.5 
 512  517.583  520.5 
 512  517.583  520.5 
 512  517.583  520.5 
 512  517.583  520.5 
 512  517.583  520.5 
 512  517.583  520.5 
 512  517.583  520.5 
 512  517.583  520.5 
 512  517.583  520.5 


# Contour 25, label:      520
 512  517.277  520 
 512  517.277  520 
 512  517.277  520 
 512  517.277  520 
 512  517.277  520 
 512  517.277  520 
 512  517.277  520 
 512  517.277  520 
 512  517.277  520 
 512  517.277  520 


# Contour 26, label:      520
 512  516.971  519.5 
 512  516.971  519.5 
 512  516.971  519.5 
 512  516.971  519.5 
 512  516.971  519.5 
 512  516.971  519.5 
 512  516.971  519.5 
 512  516.971  519.5 
 512  516.971  519.5 
 512  516.971  519.5 


# Contour 27, label:      519
 512  516.564  519 
 512  516.564  519 
 512  516.564  519 
 512  516.564  519 
 512  516.564  519 
 512  516.564  519 
 512  516.564  519 
 512  516.564  519 
 512  516.564  519 
 512  516.564  519 


# Contour 28, label:      518
 512  515.884  518.5 
 512  515.884  518.5 
 512  515.884  518.5 
 512  515.884  518.5 
 512  515.884  518.5 
 512  515.884  518.5 
 512  515.884  518.5 
 512  515.884  518.5 
 512  515.884  518.5 
 512  515.884  518.5 


# Contour 29, label:      518
 512  515.203  518 
 512  515.203  518 
 512  515.203  518 
 512  515.203  518 
 512  515.203  518 
 512  515.203  518 
 512  515.203  518 
 512  515.203  518 
 512  515.203  518 
 512  515.203  518 


# Contour 30, label:      518
 512  513.086  517.5 
 512  513.086  517.5 
 512  513.086  517.5 
 512  513.086  517.5 
 512  513.086  517.5 
 512  513.086  517.5 
 512  513.086  517.5 
 512  513.086  517.5 
 512  513.086  517.5 
 512  513.086  517.5 


# Contour 31, label:      517
 512  512.949  517 
 512  512.949  517 
 512  512.949  517 
 512  512.949  517 
 512  512.949  517 
 512  512.949  517 
 512  512.949  517 
 512  512.949  517 
 512  512.949  517 
 512  512.949  517 


# Contour 32, label:      516
 512  512.811  516.5 
 512  512.811  516.5 
 512  512.811  516.5 
 512  512.811  516.5 
 512  512.811  516.5 
 512  512.811  516.5 
 512  512.811  516.5 
 512  512.811  516.5 
 512  512.811  516.5 
 512  512.811  516.5 


# Contour 33, label:      516
 512  512.674  516 
 512  512.674  516 
 512  512.674  516 
 512  512.674  516 
 512  512.674  516 
 512  512.674  516 
 512  512.674  516 
 512  512.674  516 
 512  512.674  516 
 512  512.674  516 


# Contour 34, label:      516
 512  512.537  515.5 
 512  512.537  515.5 
 512  512.537  515.5 
 512  512.537  515.5 
 512  512.537  515.5 
 512  512.537  515.5 
 512  512.537  515.5 
 512  512.537  515.5 
 512  512.537  515.5 
 512  512.537  515.5 


# Contour 35, label:      515
 512  512.4  515 
 512  512.4  515 
 512  512.4  515 
 512  512.4  515 
 512  512.4  515 
 512  512.4  515 
 512  512.4  515 
 512  512.4  515 
 512  512.4  515 
 512  512.4  515 


# Contour 36, label:      514
 512  512.263  514.5 
 512  512.263  514.5 
 512  512.263  514.5 
 512  512.263  514.5 
 512  512.263  514.5 
 512  512.263  514.5 
 512  512.263  514.5 
 512  512.263  514.5 
 512  512.263  514.5 
 512  512.263  514.5 


# Contour 37, label:      514
 512  512.126  514 
 512  512.126  514 
 512  512.126  514 
 512  512.126  514 
 512  512.126  514 
 512  512.126  514 
 512  512.126  514 
 512  512.126  514 
 512  512.126  514 
 512  512.126  514 


# Contour 38, label:      514
 512  511.989  513.5 
 512  511.989  513.5 
 512  511.989  513.5 
 512  511.989  513.5 
 512  511.989  513.5 
 512  511.989  513.5 
 512  511.989  513.5 
 512  511.989  513.5 
 512  511.989  513.5 
 512  511.989  513.5 


# Contour 39, label:      513
 512  511.852  513 
 512  511.852  513 
 512  511.852  513 
 512  511.852  513 
 512  511.852  513 
 512  511.852  513 
 512  511.852  513 
 512  511.852  513 
 512  511.852  513 
 512  511.852  513 


# Contour 40, label:      512
 512  511.715  512.5 
 512  511.715  512.5 
 512  511.715  512.5 
 512  511.715  512.5 
 512  511.715  512.5 
 512  511.715  512.5 
 512  511.715  512.5 
 512  511.715  512.5 
 512  511.715  512.5 
 512  511.715  512.5 


# Contour 41, label:      512
 512  511.578  512 
 512  511.578  512 
 512  511.578  512 
 512  511.578  512 
 512  511.578  512 
 512  511.578  512 
 512  511.578  512 
 512  511.578  512 
 512  511.578  512 
 512  511.578  512 


# Contour 42, label:      512
 512  511.441  511.5 
 512  511.441  511.5 
 512  511.441  511.5 
 512  511.441  511.5 
 512  511.441  511.5 
 512  511.441  511.5 
 512  511.441  511.5 
 512  511.441  511.5 
 512  511.441  511.5 
 512  511.441  511.5 

